{'num_clients': 30, 'model_name': 'Cifar10Net', 'round': 5, 'save_period': 2, 'weight_decay': 0.001, 'batch_size': 256, 'test_batch_size': 256, 'act_prob': 1, 'lr_decay_per_round': 1, 'epochs': 2, 'lr': 0.1, 'print_freq': 1, 'alpha_coef': 0.01, 'max_norm': 10, 'sample_ratio': 1, 'partition': 'iid', 'dataset': 'cifar10', 'out_dir': './Output/run1'}
avg_mdl_train_acc:[0.21362, 0.25596, 0.27024, 0.30342, 0.33072]
avg_mdl_train_loss:[446.3346498012543, 413.30571961402893, 397.16559529304504, 380.7995822429657, 367.91198694705963]
avg_mdl_test_acc:[0.2127, 0.2604, 0.2793, 0.3082, 0.3338]
avg_mdl_test_loss:[91.08092474937439, 84.06130826473236, 80.66716587543488, 77.24926924705505, 74.57655012607574]
all_mdl_train_acc:[0.21362, 0.25596, 0.27024, 0.30342, 0.33072]
all_mdl_train_loss:[446.33464908599854, 413.3057191371918, 397.1655932664871, 380.79958140850067, 367.9119840860367]
all_mdl_test_acc:[0.2127, 0.2604, 0.2793, 0.3082, 0.3338]
all_mdl_test_loss:[91.08092522621155, 84.06130838394165, 80.667165517807, 77.2492686510086, 74.57654929161072]
cld_mdl_train_acc:[0.19188, 0.23696, 0.2658, 0.31194, 0.34498]
cld_mdl_train_loss:[440.1851181983948, 418.5876648426056, 390.0227435827255, 370.756010055542, 356.8519912958145]
cld_mdl_test_acc:[0.194, 0.2469, 0.2777, 0.3133, 0.3507]
cld_mdl_test_loss:[89.80091667175293, 84.48410737514496, 79.11931204795837, 75.11727488040924, 72.24680006504059]
