{'num_clients': 100, 'model_name': 'Cifar10Net', 'round': 1000, 'save_period': 200, 'weight_decay': 0.001, 'batch_size': 50, 'test_batch_size': 50, 'act_prob': 1, 'lr_decay_per_round': 1, 'epochs': 5, 'lr': 0.1, 'print_freq': 1, 'alpha_coef': 0.01, 'max_norm': 10, 'sample_ratio': 1, 'partition': 'iid', 'dataset': 'cifar10', 'out_dir': './Output/FedAvg/run1'}
acc:[0.005485999853909016, 0.006433999824523926, 0.007353999796509743, 0.007959999766945839, 0.008413999745249747, 0.008797999745607375, 0.009175999754667282, 0.009443999722599983, 0.009683999726176262, 0.009969999703764915, 0.010173999726772309, 0.010425999706983565, 0.010599999713897705, 0.01080999972820282, 0.011047999712824821, 0.011129999694228173, 0.011195999678969384, 0.011427999743819237, 0.011515999722480774, 0.01166999964416027, 0.01176399962902069, 0.01193999972641468, 0.012051999679207802, 0.012167999678850175, 0.01231799968779087, 0.012365999713540077, 0.012445999681949616, 0.012519999703764915]
loss:[0.0414298063993454, 0.038242122864723206, 0.035795341110229494, 0.03398303507566452, 0.0325782396197319, 0.031131153774261476, 0.030206281638145448, 0.02953028967380524, 0.028815228033065795, 0.028083269608020784, 0.027644312071800233, 0.027070269215106964, 0.026633681356906892, 0.026122656959295273, 0.025764470797777175, 0.02536172131896019, 0.024978349643945692, 0.024566580778360367, 0.024272340780496598, 0.023884139508008956, 0.02353610511422157, 0.023274523192644118, 0.02297139458656311, 0.022703982532024384, 0.02234644760489464, 0.022105228912830354, 0.021905890160799028, 0.021661163759231567]
